"","anger","anticipation","disgust","fear","joy","sadness","surprise","trust","negative","positive","score"
"1",1,0,1,0,0,1,0,0,1,1,0
"2",3,5,2,3,4,4,3,7,8,14,6
"3",0,0,0,0,0,0,0,0,0,0,0
"4",1,2,1,1,2,2,2,5,3,3,0
"5",0,5,0,2,5,0,1,8,1,9,8
"6",2,1,3,2,2,3,2,5,5,4,-1
"7",0,2,0,0,4,1,1,4,2,7,5
"8",0,1,0,0,1,1,1,1,4,3,-1
"9",0,1,0,0,2,1,1,1,1,3,2
"10",3,13,0,7,6,7,3,9,7,18,11
"11",0,1,0,0,1,0,1,1,0,1,1
"12",0,1,0,0,0,0,0,0,0,1,1
"13",0,2,0,0,2,0,1,2,0,4,4
"14",1,4,2,1,3,2,0,4,5,7,2
"15",1,0,1,1,0,1,0,0,1,0,-1
"16",2,6,2,1,3,0,2,4,5,7,2
"17",0,2,1,0,0,2,0,1,2,1,-1
"18",0,2,0,0,3,0,1,3,0,7,7
"19",1,6,0,3,4,0,2,5,4,7,3
"20",1,2,2,1,0,2,0,3,4,3,-1
"21",0,1,1,0,2,0,1,3,0,6,6
"22",0,3,0,0,3,0,4,3,1,8,7
"23",0,0,0,0,0,0,0,0,1,0,-1
"24",1,1,1,0,0,0,0,1,3,2,-1
"25",0,1,0,1,1,0,1,2,2,4,2
"26",2,3,2,2,2,2,1,5,2,6,4
"27",1,1,0,1,1,1,0,2,1,1,0
"28",2,3,0,0,0,2,0,1,6,2,-4
"29",0,1,0,1,2,1,0,1,2,6,4
"30",1,2,0,1,1,2,1,1,3,2,-1
"31",2,1,2,1,1,2,1,1,5,2,-3
"32",0,3,1,2,1,3,0,2,5,3,-2
"33",2,2,2,4,1,3,0,3,3,2,-1
"34",0,4,0,1,3,0,2,6,1,6,5
"35",0,1,1,1,2,2,1,2,2,4,2
"36",2,3,0,3,3,1,1,4,2,6,4
"37",0,4,1,2,3,1,1,1,3,4,1
"38",0,0,0,0,0,0,0,4,0,5,5
"39",1,2,0,1,1,1,0,1,4,4,0
"40",1,5,1,2,4,1,2,6,1,11,10
"41",0,2,0,0,4,0,0,6,1,10,9
"42",2,2,0,1,1,1,0,4,1,8,7
"43",2,7,1,4,4,2,3,7,4,10,6
"44",2,6,2,3,5,3,3,11,7,18,11
"45",0,2,0,0,1,1,0,4,1,5,4
"46",1,1,0,1,2,2,1,3,3,5,2
"47",0,0,0,0,0,0,0,1,1,0,-1
"48",2,4,2,1,1,2,0,3,6,6,0
"49",3,3,1,2,1,2,2,3,3,3,0
"50",0,2,0,0,2,1,1,4,1,5,4
"51",3,11,2,3,5,2,3,9,5,15,10
"52",2,1,0,0,1,1,1,2,1,4,3
"53",0,1,0,0,2,0,0,4,0,2,2
"54",1,2,0,1,1,0,1,4,0,5,5
"55",1,2,0,0,0,1,0,3,3,7,4
"56",1,5,0,2,2,3,2,2,6,4,-2
"57",0,0,0,0,0,0,0,0,1,1,0
"58",1,5,0,1,3,0,2,7,1,9,8
"59",0,3,0,1,2,1,1,3,2,4,2
"60",0,2,0,0,2,0,1,2,0,4,4
"61",1,1,0,0,1,0,1,1,0,4,4
"62",1,0,1,1,0,2,0,0,2,1,-1
"63",0,0,0,0,0,0,0,0,0,1,1
"64",1,2,0,2,0,2,0,0,2,4,2
"65",0,3,0,0,2,0,2,2,0,4,4
"66",0,2,0,0,1,0,0,2,0,2,2
"67",0,2,1,0,2,1,0,3,1,6,5
"68",0,1,1,0,1,0,1,1,2,1,-1
"69",0,1,0,0,1,0,0,1,0,2,2
"70",0,2,0,0,3,1,0,3,2,4,2
"71",0,0,0,0,0,0,0,0,1,0,-1
"72",0,2,0,1,1,0,0,1,2,3,1
"73",0,2,0,0,2,0,1,3,1,4,3
"74",0,0,0,0,1,0,0,1,0,1,1
"75",2,4,1,0,3,0,2,3,1,7,6
"76",0,0,0,0,0,0,0,0,1,0,-1
"77",0,2,0,0,2,0,0,2,1,3,2
"78",0,2,0,0,1,0,1,1,0,1,1
"79",0,1,0,0,0,0,0,1,0,0,0
"80",1,0,0,0,0,0,0,1,1,1,0
"81",0,0,0,0,0,0,0,0,0,0,0
"82",0,0,0,0,0,0,0,1,1,2,1
"83",0,1,0,0,0,0,0,0,0,2,2
"84",0,0,1,1,0,2,0,1,2,1,-1
"85",0,1,0,0,2,0,1,3,1,4,3
"86",0,1,0,0,0,0,0,0,1,2,1
"87",0,0,0,1,0,1,0,1,2,2,0
"88",1,1,1,0,0,1,0,0,2,1,-1
"89",0,2,0,0,0,0,0,1,0,5,5
"90",0,1,0,0,1,1,1,1,1,4,3
"91",1,0,0,0,0,0,0,0,1,2,1
"92",0,2,0,0,1,0,1,2,0,4,4
"93",0,1,0,0,1,0,1,1,0,1,1
"94",0,2,0,1,1,1,1,2,1,3,2
"95",0,1,0,0,0,0,0,0,0,2,2
"96",0,1,0,0,1,1,0,2,1,4,3
"97",0,0,0,0,0,0,0,1,0,2,2
"98",1,2,0,1,1,1,0,1,1,2,1
"99",0,1,0,0,1,0,1,1,0,4,4
"100",0,2,1,2,1,2,1,1,1,2,1
"101",1,2,1,0,1,0,1,3,2,4,2
"102",1,2,0,0,1,1,0,0,1,2,1
"103",0,2,0,1,1,1,1,1,1,3,2
"104",0,2,0,0,0,0,0,0,0,1,1
"105",1,1,0,1,0,2,0,2,2,3,1
"106",0,3,0,0,0,0,0,0,0,1,1
"107",0,0,0,0,0,0,0,0,0,0,0
"108",0,1,0,0,0,0,0,0,1,2,1
"109",1,3,0,0,3,1,1,3,1,4,3
"110",0,2,0,0,1,0,1,3,1,5,4
"111",1,2,1,1,1,1,1,1,2,3,1
"112",1,0,1,1,0,1,0,2,1,5,4
"113",0,2,0,0,1,0,1,2,0,1,1
"114",0,0,0,0,0,0,0,1,0,2,2
"115",1,0,2,0,0,1,0,0,2,0,-2
"116",1,1,2,0,1,0,1,2,1,2,1
"117",0,1,0,0,1,0,1,2,0,2,2
"118",0,1,0,0,1,0,1,1,0,2,2
"119",0,1,0,0,2,0,1,1,0,2,2
"120",0,2,0,0,2,0,1,2,0,3,3
"121",0,2,0,0,2,0,0,1,1,2,1
"122",0,1,0,0,0,0,0,1,1,1,0
"123",0,1,0,0,1,0,1,1,1,1,0
"124",0,0,0,0,0,0,0,0,0,0,0
"125",0,0,0,0,0,0,0,1,0,2,2
"126",1,1,0,0,1,0,1,1,0,1,1
"127",2,0,1,1,0,1,0,0,2,1,-1
"128",0,1,0,1,0,0,1,0,1,2,1
"129",0,1,0,1,0,1,0,2,2,5,3
"130",1,1,0,0,1,0,1,2,0,3,3
"131",1,1,0,0,1,0,1,1,0,1,1
"132",1,1,0,0,2,0,1,2,0,2,2
"133",0,0,0,0,1,0,0,1,0,2,2
"134",0,1,0,0,1,0,1,1,0,1,1
"135",0,0,0,0,0,0,0,0,0,0,0
"136",0,3,0,0,1,0,1,2,2,1,-1
"137",0,0,1,0,0,1,0,1,2,2,0
"138",0,0,0,0,0,0,0,1,0,3,3
"139",0,1,0,0,1,0,0,1,1,1,0
"140",0,1,0,0,1,0,1,1,0,1,1
"141",1,2,0,0,1,0,1,2,0,2,2
"142",0,3,0,0,0,1,0,2,2,1,-1
"143",0,1,0,0,0,0,0,0,0,2,2
"144",1,3,0,1,1,0,1,1,1,3,2
"145",0,1,0,0,1,0,1,1,0,1,1
"146",1,0,1,1,0,2,0,0,2,0,-2
"147",1,1,0,0,1,0,1,1,0,1,1
"148",0,0,0,0,0,0,0,1,0,2,2
"149",2,1,2,1,1,0,1,1,2,1,-1
"150",0,0,0,0,0,0,0,0,0,0,0
"151",0,0,0,0,0,0,0,0,0,0,0
"152",0,0,0,0,1,0,0,1,0,1,1
"153",0,1,0,0,1,0,1,1,0,1,1
"154",0,1,0,0,1,0,1,1,0,1,1
"155",0,0,0,0,0,0,0,0,1,0,-1
"156",0,1,0,0,1,0,1,1,0,1,1
"157",0,0,0,0,0,0,0,0,0,1,1
"158",0,3,0,0,0,0,0,0,1,1,0
"159",0,1,0,0,0,0,0,0,0,1,1
"160",0,0,0,0,0,0,0,0,0,0,0
"161",0,1,0,0,2,0,1,1,0,3,3
"162",0,1,0,0,0,0,0,1,0,1,1
"163",0,0,0,1,1,1,0,1,2,1,-1
"164",0,0,0,0,0,0,0,0,0,0,0
"165",0,1,0,0,0,0,0,1,1,0,-1
"166",0,0,0,0,0,0,0,0,0,0,0
"167",0,4,0,0,4,1,2,5,1,5,4
"168",1,1,0,0,1,0,1,1,0,2,2
"169",0,2,0,0,1,0,1,2,1,1,0
"170",0,0,0,0,0,0,0,0,0,1,1
"171",0,0,0,1,0,1,0,1,1,0,-1
"172",0,1,0,0,1,0,1,1,0,1,1
"173",0,0,0,0,0,0,0,0,0,0,0
"174",0,1,0,0,1,0,1,1,0,1,1
"175",0,0,0,0,0,0,0,0,0,0,0
"176",1,4,0,0,3,0,2,3,0,4,4
"177",0,0,0,0,0,0,0,0,0,1,1
"178",0,0,0,0,0,0,0,0,0,0,0
"179",1,4,0,0,2,0,2,2,0,3,3
"180",0,0,0,0,1,0,0,1,0,1,1
"181",0,1,0,0,1,0,1,1,0,2,2
"182",0,0,0,0,0,0,0,0,0,0,0
"183",1,4,0,0,2,0,2,2,1,3,2
"184",0,1,0,0,1,0,1,1,0,2,2
"185",0,0,0,0,0,0,0,0,0,0,0
"186",0,1,0,0,1,0,1,1,0,1,1
"187",0,1,0,0,1,0,1,1,0,2,2
"188",1,1,0,0,1,0,1,1,0,1,1
"189",1,2,0,0,2,0,1,2,0,3,3
"190",0,1,0,0,2,0,1,2,0,2,2
"191",0,1,0,0,1,0,1,1,0,2,2
"192",1,2,0,0,2,0,1,3,0,2,2
"193",0,0,0,0,0,0,0,0,0,1,1
"194",1,1,0,0,3,0,1,2,0,4,4
"195",1,2,1,1,1,1,1,1,1,1,0
"196",1,1,0,1,2,1,1,2,1,2,1
"197",0,0,0,0,0,0,0,0,0,0,0
"198",0,1,0,0,1,0,1,1,0,1,1
"199",0,1,0,0,2,0,1,2,0,4,4
"200",0,0,0,0,0,0,0,0,0,0,0
"201",0,0,0,0,0,0,0,0,0,1,1
"202",1,1,0,0,1,0,1,1,0,2,2
"203",1,0,1,1,0,0,0,0,1,0,-1
"204",1,1,1,1,1,1,1,3,1,6,5
"205",0,0,0,0,0,0,0,0,1,1,0
"206",0,0,0,0,0,0,0,0,0,0,0
"207",0,0,0,0,0,0,0,0,0,0,0
"208",0,0,0,0,0,0,0,0,0,0,0
"209",1,2,0,0,2,0,2,2,0,2,2
"210",1,1,0,0,2,0,1,2,0,2,2
"211",0,0,0,0,0,0,0,0,1,0,-1
"212",0,1,0,0,1,0,1,1,0,1,1
"213",0,0,0,0,0,0,0,0,0,0,0
"214",0,1,0,0,2,0,1,1,0,2,2
"215",1,1,0,0,2,0,1,2,0,2,2
"216",0,1,0,0,1,0,1,1,0,1,1
"217",0,0,0,0,0,0,0,0,0,1,1
"218",1,2,0,0,1,0,1,2,1,2,1
"219",0,1,0,0,1,0,1,1,0,3,3
"220",0,1,0,0,1,0,1,1,0,1,1
"221",0,1,0,0,0,0,0,1,0,1,1
"222",1,1,0,0,1,0,1,1,0,1,1
"223",1,2,0,0,2,0,2,2,0,2,2
"224",0,1,0,0,2,0,2,1,0,3,3
"225",0,0,0,0,0,0,0,0,0,0,0
"226",0,1,0,0,1,0,1,1,0,1,1
"227",0,0,0,0,0,0,0,0,0,0,0
"228",0,0,0,0,0,0,0,0,1,1,0
"229",0,1,0,0,1,0,1,1,0,2,2
"230",0,1,0,0,1,0,1,1,0,1,1
"231",1,2,0,0,2,0,2,2,0,3,3
"232",0,0,0,0,0,0,0,0,0,1,1
"233",1,0,1,1,0,1,0,0,1,0,-1
"234",1,2,0,0,2,0,2,2,1,2,1
"235",1,2,0,0,2,0,2,2,0,2,2
"236",0,0,0,0,0,0,0,0,0,1,1
"237",0,0,0,0,1,0,0,1,0,1,1
"238",1,1,0,0,1,0,1,1,0,2,2
"239",0,1,0,0,1,0,0,1,0,2,2
"240",0,0,1,0,0,0,0,0,1,0,-1
"241",0,1,0,1,1,0,2,1,1,1,0
"242",0,0,0,0,0,0,0,0,0,0,0
"243",0,0,0,0,0,0,0,0,0,1,1
"244",0,1,0,0,1,0,1,1,0,1,1
"245",0,0,0,0,0,0,0,0,0,1,1
"246",0,0,0,0,0,0,0,0,1,0,-1
"247",0,1,0,0,0,0,0,0,0,1,1
"248",0,0,0,0,0,0,0,0,0,0,0
"249",0,0,0,0,0,0,0,0,0,0,0
"250",1,0,0,0,0,1,0,0,1,1,0
"251",0,1,0,0,0,1,0,0,1,0,-1
"252",0,0,0,0,0,0,0,0,0,0,0
"253",1,2,0,0,2,0,2,2,0,3,3
"254",0,0,0,0,0,0,0,0,0,2,2
"255",0,0,0,0,1,0,0,0,0,1,1
"256",0,0,0,0,0,0,0,0,0,0,0
"257",0,0,0,0,0,0,0,0,0,0,0
"258",0,0,0,0,0,0,0,0,0,0,0
"259",0,1,0,0,1,0,1,1,0,1,1
"260",1,1,0,0,1,0,1,1,0,1,1
"261",1,0,0,1,0,1,0,0,1,0,-1
"262",1,2,0,0,2,0,2,2,0,2,2
"263",1,0,0,0,0,0,0,0,1,1,0
"264",0,1,0,0,1,0,1,1,1,3,2
"265",0,1,0,0,1,0,1,1,0,1,1
"266",0,0,0,0,0,0,0,0,0,0,0
"267",0,0,0,1,0,1,0,0,1,0,-1
"268",0,0,0,0,1,0,0,0,0,2,2
"269",0,0,0,0,0,0,0,0,0,0,0
"270",1,1,0,0,2,0,1,1,0,2,2
"271",1,1,0,0,1,0,1,1,0,1,1
"272",1,1,0,0,1,0,1,1,0,1,1
"273",0,1,0,0,1,0,1,1,0,1,1
"274",0,0,0,0,0,0,0,0,0,0,0
"275",0,0,0,0,0,0,0,0,0,0,0
"276",0,1,0,0,1,0,1,1,0,1,1
"277",1,1,0,0,1,0,1,1,0,1,1
"278",0,0,0,0,1,0,1,1,0,2,2
"279",0,0,0,0,1,0,0,1,0,1,1
"280",0,0,0,0,0,0,0,0,0,0,0
"281",1,1,0,0,1,0,1,1,0,2,2
"282",0,1,0,0,1,0,1,1,0,2,2
"283",0,0,0,0,0,0,0,0,0,0,0
"284",0,1,0,0,1,0,1,1,0,1,1
"285",0,0,1,0,1,1,0,0,1,1,0
"286",0,0,0,0,1,0,0,1,0,1,1
"287",0,0,0,0,0,0,0,0,0,1,1
"288",0,0,0,0,0,0,0,0,0,0,0
"289",0,0,0,0,0,0,0,0,0,0,0
"290",0,0,0,0,0,0,0,0,0,1,1
"291",0,0,0,0,0,0,0,0,0,1,1
"292",0,0,0,0,0,0,0,0,0,0,0
"293",0,1,0,1,1,1,1,1,1,1,0
"294",0,0,0,0,0,0,0,0,0,0,0
"295",0,0,0,0,0,0,0,0,0,0,0
"296",0,0,0,0,0,0,0,0,0,0,0
"297",0,1,0,0,1,0,1,1,0,2,2
"298",1,2,0,0,2,0,2,2,0,3,3
"299",0,0,0,0,0,0,0,0,0,0,0
"300",0,1,0,0,1,0,1,1,0,1,1
"301",0,1,0,0,0,0,0,0,0,0,0
"302",1,2,0,0,2,0,2,2,0,2,2
"303",0,1,0,0,0,0,0,0,1,0,-1
"304",0,1,0,0,1,0,1,2,0,1,1
"305",0,1,0,0,1,0,0,1,0,1,1
"306",0,0,0,0,0,0,0,0,0,0,0
"307",0,1,0,0,1,0,1,1,0,1,1
"308",0,0,0,0,1,0,0,1,0,1,1
"309",0,0,0,0,0,0,0,0,0,0,0
"310",0,0,0,0,1,0,0,1,0,1,1
"311",0,1,0,0,1,0,1,1,0,1,1
"312",0,1,0,0,1,0,1,1,0,1,1
"313",0,1,0,0,1,0,0,1,0,1,1
"314",0,1,0,0,1,0,1,1,0,1,1
"315",0,1,0,0,1,0,1,1,0,1,1
"316",0,1,0,0,1,0,1,1,0,1,1
"317",0,1,0,0,0,0,0,0,0,1,1
"318",0,0,0,0,1,0,0,0,0,1,1
"319",0,0,0,0,0,0,0,0,0,0,0
"320",0,0,0,0,0,0,0,0,0,0,0
"321",0,1,0,0,1,0,1,1,0,1,1
"322",0,0,0,0,1,0,0,1,0,1,1
"323",0,0,0,0,0,0,0,0,0,0,0
"324",0,0,0,0,0,0,0,0,0,0,0
"325",1,1,0,0,1,0,1,1,0,1,1
"326",0,1,0,0,1,0,1,1,0,1,1
"327",0,0,0,0,0,0,0,0,0,0,0
"328",1,2,0,0,2,0,2,2,0,3,3
"329",0,0,0,0,0,0,0,0,0,0,0
"330",0,0,0,0,0,0,0,0,0,1,1
"331",0,2,0,0,2,0,2,1,0,2,2
"332",1,1,0,0,1,0,1,1,0,1,1
"333",0,1,0,0,1,0,1,1,0,1,1
"334",0,0,0,0,0,0,0,0,0,0,0
"335",0,0,0,0,0,0,0,0,0,0,0
"336",1,1,0,0,1,0,1,1,0,1,1
"337",0,1,0,0,1,0,1,1,0,1,1
"338",0,1,0,0,1,0,1,1,0,1,1
"339",0,1,0,0,1,0,1,1,0,1,1
"340",0,0,0,0,0,0,0,0,0,0,0
"341",1,1,0,0,1,0,1,1,0,1,1
"342",0,1,0,0,1,0,0,1,0,1,1
"343",0,0,0,0,0,0,0,0,0,0,0
"344",0,0,0,0,0,0,0,0,0,0,0
"345",0,1,0,0,1,0,1,1,0,1,1
"346",0,0,0,0,0,0,0,0,0,0,0
"347",0,1,0,0,1,0,1,1,0,1,1
"348",1,4,0,0,3,2,2,1,2,4,2
"349",0,3,0,0,1,0,0,3,1,6,5
"350",0,2,0,0,3,1,0,2,2,8,6
"351",0,1,0,0,0,1,0,1,2,2,0
"352",2,0,0,2,0,3,0,1,4,1,-3
"353",0,0,0,0,0,0,0,0,1,0,-1
"354",1,0,1,0,0,1,0,1,3,1,-2
"355",1,3,0,1,2,1,2,3,1,4,3
"356",0,0,0,0,0,0,0,0,0,2,2
"357",0,1,0,1,0,1,0,1,1,2,1
"358",1,2,1,0,2,0,2,2,1,2,1
"359",0,0,0,0,0,0,0,0,0,0,0
"360",1,0,0,2,1,2,0,3,2,2,0
"361",0,0,0,1,0,1,0,0,1,1,0
"362",0,0,0,0,0,0,0,0,0,0,0
"363",2,2,0,1,1,1,1,1,3,3,0
"364",1,1,1,0,1,0,1,1,1,1,0
"365",1,1,0,0,1,0,1,2,0,2,2
"366",0,0,0,0,2,0,0,1,0,3,3
"367",1,1,0,0,1,0,1,1,0,2,2
"368",1,0,0,2,0,2,0,1,3,1,-2
"369",0,0,0,0,1,0,0,0,0,2,2
"370",0,2,0,0,2,1,1,2,1,4,3
"371",1,1,0,0,3,0,1,2,0,3,3
"372",1,0,1,1,0,1,0,0,1,0,-1
"373",0,0,0,0,0,0,0,0,0,0,0
"374",0,0,0,0,0,0,0,0,1,0,-1
"375",1,1,0,0,2,0,1,2,0,3,3
"376",0,0,0,0,0,0,0,0,0,1,1
"377",1,2,0,0,1,0,1,1,0,2,2
"378",0,1,0,0,1,0,0,2,0,2,2
"379",0,1,0,0,1,0,1,1,0,1,1
"380",0,1,0,0,2,0,0,1,0,3,3
"381",1,0,1,1,0,1,0,0,1,0,-1
"382",0,0,0,0,0,0,0,0,1,0,-1
"383",0,1,0,0,1,0,1,1,0,1,1
"384",0,1,0,0,1,0,1,2,0,2,2
"385",0,0,0,0,0,0,0,0,1,0,-1
"386",0,0,0,0,0,0,0,0,0,0,0
"387",1,2,0,0,2,0,2,2,0,2,2
"388",0,0,0,0,0,0,0,0,0,0,0
"389",0,1,0,0,1,0,1,1,0,2,2
"390",0,0,0,0,0,0,0,0,0,0,0
"391",0,1,0,0,1,0,1,1,0,1,1
"392",1,1,0,0,1,0,1,1,0,2,2
"393",0,0,0,0,1,0,0,1,0,1,1
"394",0,0,0,0,0,0,0,0,0,0,0
"395",0,0,0,0,0,0,0,0,1,0,-1
"396",0,0,0,0,0,0,0,0,0,0,0
"397",0,0,0,0,0,0,0,0,0,0,0
"398",0,1,0,0,1,0,1,1,0,1,1
